  1, wa01C0303     11   1,   2,   3,   4,   1,   5,   6,   7,   8,   5,   1,
ext_wall 8
vert 1      20.00000  0.00000  103.11000
vert 2      20.00000  10.00000  103.11000
vert 3      20.00000  10.00000  105.56000
vert 4      20.00000  0.00000  105.56000
vert 5      20.00000  9.39375  104.00999
vert 6      20.00000  9.39375  105.21000
vert 7      20.00000  9.70000  105.21000
vert 8      20.00000  9.70000  104.00999
  2, wa02C0303     11   9,   1,   4,  10,   9,  11,  12,  13,  14,  11,   9,
ext_wall 14
vert 1      20.00000  0.00000  103.11000
vert 2      20.00000  10.00000  103.11000
vert 3      20.00000  10.00000  105.56000
vert 4      20.00000  0.00000  105.56000
vert 5      20.00000  9.39375  104.00999
vert 6      20.00000  9.39375  105.21000
vert 7      20.00000  9.70000  105.21000
vert 8      20.00000  9.70000  104.00999
vert 9      0.00000  0.00000  103.11000
vert 10     0.00000  0.00000  105.56000
vert 11     14.18750  0.00000  104.00999
vert 12     14.18750  0.00000  105.21000
vert 13     19.70000  0.00000  105.21000
vert 14     19.70000  0.00000  104.00999
  3, wa03C0303     11  15,   9,  10,  16,  15,  17,  18,  19,  20,  17,  15,
ext_wall 20
vert 1      20.00000  0.00000  103.11000
vert 2      20.00000  10.00000  103.11000
vert 3      20.00000  10.00000  105.56000
vert 4      20.00000  0.00000  105.56000
vert 5      20.00000  9.39375  104.00999
vert 6      20.00000  9.39375  105.21000
vert 7      20.00000  9.70000  105.21000
vert 8      20.00000  9.70000  104.00999
vert 9      0.00000  0.00000  103.11000
vert 10     0.00000  0.00000  105.56000
vert 11     14.18750  0.00000  104.00999
vert 12     14.18750  0.00000  105.21000
vert 13     19.70000  0.00000  105.21000
vert 14     19.70000  0.00000  104.00999
vert 15     0.00000  10.00000  103.11000
vert 16     0.00000  10.00000  105.56000
vert 17     0.00000  0.60625  104.00999
vert 18     0.00000  0.60625  105.21000
vert 19     0.00000  0.30000  105.21000
vert 20     0.00000  0.30000  104.00999
  4, wa04C0303     11   2,  15,  16,   3,   2,  21,  22,  23,  24,  21,   2,
ext_wall 24
vert 1      20.00000  0.00000  103.11000
vert 2      20.00000  10.00000  103.11000
vert 3      20.00000  10.00000  105.56000
vert 4      20.00000  0.00000  105.56000
vert 5      20.00000  9.39375  104.00999
vert 6      20.00000  9.39375  105.21000
vert 7      20.00000  9.70000  105.21000
vert 8      20.00000  9.70000  104.00999
vert 9      0.00000  0.00000  103.11000
vert 10     0.00000  0.00000  105.56000
vert 11     14.18750  0.00000  104.00999
vert 12     14.18750  0.00000  105.21000
vert 13     19.70000  0.00000  105.21000
vert 14     19.70000  0.00000  104.00999
vert 15     0.00000  10.00000  103.11000
vert 16     0.00000  10.00000  105.56000
vert 17     0.00000  0.60625  104.00999
vert 18     0.00000  0.60625  105.21000
vert 19     0.00000  0.30000  105.21000
vert 20     0.00000  0.30000  104.00999
vert 21     5.81250  10.00000  104.00999
vert 22     5.81250  10.00000  105.21000
vert 23     0.30000  10.00000  105.21000
vert 24     0.30000  10.00000  104.00999
  5, fl01C0303     4   2,   1,   9,  15,
floors 24
vert 1      20.00000  0.00000  103.11000
vert 2      20.00000  10.00000  103.11000
vert 3      20.00000  10.00000  105.56000
vert 4      20.00000  0.00000  105.56000
vert 5      20.00000  9.39375  104.00999
vert 6      20.00000  9.39375  105.21000
vert 7      20.00000  9.70000  105.21000
vert 8      20.00000  9.70000  104.00999
vert 9      0.00000  0.00000  103.11000
vert 10     0.00000  0.00000  105.56000
vert 11     14.18750  0.00000  104.00999
vert 12     14.18750  0.00000  105.21000
vert 13     19.70000  0.00000  105.21000
vert 14     19.70000  0.00000  104.00999
vert 15     0.00000  10.00000  103.11000
vert 16     0.00000  10.00000  105.56000
vert 17     0.00000  0.60625  104.00999
vert 18     0.00000  0.60625  105.21000
vert 19     0.00000  0.30000  105.21000
vert 20     0.00000  0.30000  104.00999
vert 21     5.81250  10.00000  104.00999
vert 22     5.81250  10.00000  105.21000
vert 23     0.30000  10.00000  105.21000
vert 24     0.30000  10.00000  104.00999
  6, ce01C0303     4   3,  16,  10,   4,
floors_r 24
vert 1      20.00000  0.00000  103.11000
vert 2      20.00000  10.00000  103.11000
vert 3      20.00000  10.00000  105.56000
vert 4      20.00000  0.00000  105.56000
vert 5      20.00000  9.39375  104.00999
vert 6      20.00000  9.39375  105.21000
vert 7      20.00000  9.70000  105.21000
vert 8      20.00000  9.70000  104.00999
vert 9      0.00000  0.00000  103.11000
vert 10     0.00000  0.00000  105.56000
vert 11     14.18750  0.00000  104.00999
vert 12     14.18750  0.00000  105.21000
vert 13     19.70000  0.00000  105.21000
vert 14     19.70000  0.00000  104.00999
vert 15     0.00000  10.00000  103.11000
vert 16     0.00000  10.00000  105.56000
vert 17     0.00000  0.60625  104.00999
vert 18     0.00000  0.60625  105.21000
vert 19     0.00000  0.30000  105.21000
vert 20     0.00000  0.30000  104.00999
vert 21     5.81250  10.00000  104.00999
vert 22     5.81250  10.00000  105.21000
vert 23     0.30000  10.00000  105.21000
vert 24     0.30000  10.00000  104.00999
  7, wi01C0303     4   5,   8,   7,   6,
window 24
vert 1      20.00000  0.00000  103.11000
vert 2      20.00000  10.00000  103.11000
vert 3      20.00000  10.00000  105.56000
vert 4      20.00000  0.00000  105.56000
vert 5      20.00000  9.39375  104.00999
vert 6      20.00000  9.39375  105.21000
vert 7      20.00000  9.70000  105.21000
vert 8      20.00000  9.70000  104.00999
vert 9      0.00000  0.00000  103.11000
vert 10     0.00000  0.00000  105.56000
vert 11     14.18750  0.00000  104.00999
vert 12     14.18750  0.00000  105.21000
vert 13     19.70000  0.00000  105.21000
vert 14     19.70000  0.00000  104.00999
vert 15     0.00000  10.00000  103.11000
vert 16     0.00000  10.00000  105.56000
vert 17     0.00000  0.60625  104.00999
vert 18     0.00000  0.60625  105.21000
vert 19     0.00000  0.30000  105.21000
vert 20     0.00000  0.30000  104.00999
vert 21     5.81250  10.00000  104.00999
vert 22     5.81250  10.00000  105.21000
vert 23     0.30000  10.00000  105.21000
vert 24     0.30000  10.00000  104.00999
  8, wi02C0303     4  11,  14,  13,  12,
window 24
vert 1      20.00000  0.00000  103.11000
vert 2      20.00000  10.00000  103.11000
vert 3      20.00000  10.00000  105.56000
vert 4      20.00000  0.00000  105.56000
vert 5      20.00000  9.39375  104.00999
vert 6      20.00000  9.39375  105.21000
vert 7      20.00000  9.70000  105.21000
vert 8      20.00000  9.70000  104.00999
vert 9      0.00000  0.00000  103.11000
vert 10     0.00000  0.00000  105.56000
vert 11     14.18750  0.00000  104.00999
vert 12     14.18750  0.00000  105.21000
vert 13     19.70000  0.00000  105.21000
vert 14     19.70000  0.00000  104.00999
vert 15     0.00000  10.00000  103.11000
vert 16     0.00000  10.00000  105.56000
vert 17     0.00000  0.60625  104.00999
vert 18     0.00000  0.60625  105.21000
vert 19     0.00000  0.30000  105.21000
vert 20     0.00000  0.30000  104.00999
vert 21     5.81250  10.00000  104.00999
vert 22     5.81250  10.00000  105.21000
vert 23     0.30000  10.00000  105.21000
vert 24     0.30000  10.00000  104.00999
  9, wi03C0303     4  17,  20,  19,  18,
window 24
vert 1      20.00000  0.00000  103.11000
vert 2      20.00000  10.00000  103.11000
vert 3      20.00000  10.00000  105.56000
vert 4      20.00000  0.00000  105.56000
vert 5      20.00000  9.39375  104.00999
vert 6      20.00000  9.39375  105.21000
vert 7      20.00000  9.70000  105.21000
vert 8      20.00000  9.70000  104.00999
vert 9      0.00000  0.00000  103.11000
vert 10     0.00000  0.00000  105.56000
vert 11     14.18750  0.00000  104.00999
vert 12     14.18750  0.00000  105.21000
vert 13     19.70000  0.00000  105.21000
vert 14     19.70000  0.00000  104.00999
vert 15     0.00000  10.00000  103.11000
vert 16     0.00000  10.00000  105.56000
vert 17     0.00000  0.60625  104.00999
vert 18     0.00000  0.60625  105.21000
vert 19     0.00000  0.30000  105.21000
vert 20     0.00000  0.30000  104.00999
vert 21     5.81250  10.00000  104.00999
vert 22     5.81250  10.00000  105.21000
vert 23     0.30000  10.00000  105.21000
vert 24     0.30000  10.00000  104.00999
 10, wi04C0303     4  21,  24,  23,  22,
window 24
vert 1      20.00000  0.00000  103.11000
vert 2      20.00000  10.00000  103.11000
vert 3      20.00000  10.00000  105.56000
vert 4      20.00000  0.00000  105.56000
vert 5      20.00000  9.39375  104.00999
vert 6      20.00000  9.39375  105.21000
vert 7      20.00000  9.70000  105.21000
vert 8      20.00000  9.70000  104.00999
vert 9      0.00000  0.00000  103.11000
vert 10     0.00000  0.00000  105.56000
vert 11     14.18750  0.00000  104.00999
vert 12     14.18750  0.00000  105.21000
vert 13     19.70000  0.00000  105.21000
vert 14     19.70000  0.00000  104.00999
vert 15     0.00000  10.00000  103.11000
vert 16     0.00000  10.00000  105.56000
vert 17     0.00000  0.60625  104.00999
vert 18     0.00000  0.60625  105.21000
vert 19     0.00000  0.30000  105.21000
vert 20     0.00000  0.30000  104.00999
vert 21     5.81250  10.00000  104.00999
vert 22     5.81250  10.00000  105.21000
vert 23     0.30000  10.00000  105.21000
vert 24     0.30000  10.00000  104.00999
