  1, wa01C0304     3   1,   2,   3,
ext_wall 3
vert 1      0.00000  10.00000  105.56000
vert 2      0.00000  0.00000  105.56000
vert 3      0.00000  5.00000  107.22649
  2, wa02C0304     3   4,   5,   6,
ext_wall 6
vert 1      0.00000  10.00000  105.56000
vert 2      0.00000  0.00000  105.56000
vert 3      0.00000  5.00000  107.22649
vert 4      20.00000  0.00000  105.56000
vert 5      20.00000  10.00000  105.56000
vert 6      20.00000  5.00000  107.22649
  3, fl01C0304     4   5,   4,   2,   1,
floors 6
vert 1      0.00000  10.00000  105.56000
vert 2      0.00000  0.00000  105.56000
vert 3      0.00000  5.00000  107.22649
vert 4      20.00000  0.00000  105.56000
vert 5      20.00000  10.00000  105.56000
vert 6      20.00000  5.00000  107.22649
  4, ce01C0304     4   5,   1,   3,   6,
asphalt 6
vert 1      0.00000  10.00000  105.56000
vert 2      0.00000  0.00000  105.56000
vert 3      0.00000  5.00000  107.22649
vert 4      20.00000  0.00000  105.56000
vert 5      20.00000  10.00000  105.56000
vert 6      20.00000  5.00000  107.22649
  5, ce02C0304     4   2,   4,   6,   3,
asphalt 6
vert 1      0.00000  10.00000  105.56000
vert 2      0.00000  0.00000  105.56000
vert 3      0.00000  5.00000  107.22649
vert 4      20.00000  0.00000  105.56000
vert 5      20.00000  10.00000  105.56000
vert 6      20.00000  5.00000  107.22649
