  1, wa01C0202     11   1,   2,   3,   4,   1,   5,   6,   7,   8,   5,   1,
ext_wall 8
vert 1      20.00000  0.00000  100.66000
vert 2      20.00000  10.00000  100.66000
vert 3      20.00000  10.00000  103.11000
vert 4      20.00000  0.00000  103.11000
vert 5      20.00000  9.39375  101.56000
vert 6      20.00000  9.39375  102.75999
vert 7      20.00000  9.70000  102.75999
vert 8      20.00000  9.70000  101.56000
  2, wa02C0202     15   9,  10,  11,  12,  13,   1,   4,  14,   9,  15,  16,  17,  18,  15,   9,
ext_wall 18
vert 1      20.00000  0.00000  100.66000
vert 2      20.00000  10.00000  100.66000
vert 3      20.00000  10.00000  103.11000
vert 4      20.00000  0.00000  103.11000
vert 5      20.00000  9.39375  101.56000
vert 6      20.00000  9.39375  102.75999
vert 7      20.00000  9.70000  102.75999
vert 8      20.00000  9.70000  101.56000
vert 9      0.00000  0.00000  100.66000
vert 10     0.30000  0.00000  100.66000
vert 11     0.30000  0.00000  102.75999
vert 12     1.20000  0.00000  102.75999
vert 13     1.20000  0.00000  100.66000
vert 14     0.00000  0.00000  103.11000
vert 15     14.18750  0.00000  101.56000
vert 16     14.18750  0.00000  102.75999
vert 17     19.70000  0.00000  102.75999
vert 18     19.70000  0.00000  101.56000
  3, wa03C0202     11  19,   9,  14,  20,  19,  21,  22,  23,  24,  21,  19,
ext_wall 24
vert 1      20.00000  0.00000  100.66000
vert 2      20.00000  10.00000  100.66000
vert 3      20.00000  10.00000  103.11000
vert 4      20.00000  0.00000  103.11000
vert 5      20.00000  9.39375  101.56000
vert 6      20.00000  9.39375  102.75999
vert 7      20.00000  9.70000  102.75999
vert 8      20.00000  9.70000  101.56000
vert 9      0.00000  0.00000  100.66000
vert 10     0.30000  0.00000  100.66000
vert 11     0.30000  0.00000  102.75999
vert 12     1.20000  0.00000  102.75999
vert 13     1.20000  0.00000  100.66000
vert 14     0.00000  0.00000  103.11000
vert 15     14.18750  0.00000  101.56000
vert 16     14.18750  0.00000  102.75999
vert 17     19.70000  0.00000  102.75999
vert 18     19.70000  0.00000  101.56000
vert 19     0.00000  10.00000  100.66000
vert 20     0.00000  10.00000  103.11000
vert 21     0.00000  0.60625  101.56000
vert 22     0.00000  0.60625  102.75999
vert 23     0.00000  0.30000  102.75999
vert 24     0.00000  0.30000  101.56000
  4, wa04C0202     15   2,  25,  26,  27,  28,  19,  20,   3,   2,  29,  30,  31,  32,  29,   2,
ext_wall 32
vert 1      20.00000  0.00000  100.66000
vert 2      20.00000  10.00000  100.66000
vert 3      20.00000  10.00000  103.11000
vert 4      20.00000  0.00000  103.11000
vert 5      20.00000  9.39375  101.56000
vert 6      20.00000  9.39375  102.75999
vert 7      20.00000  9.70000  102.75999
vert 8      20.00000  9.70000  101.56000
vert 9      0.00000  0.00000  100.66000
vert 10     0.30000  0.00000  100.66000
vert 11     0.30000  0.00000  102.75999
vert 12     1.20000  0.00000  102.75999
vert 13     1.20000  0.00000  100.66000
vert 14     0.00000  0.00000  103.11000
vert 15     14.18750  0.00000  101.56000
vert 16     14.18750  0.00000  102.75999
vert 17     19.70000  0.00000  102.75999
vert 18     19.70000  0.00000  101.56000
vert 19     0.00000  10.00000  100.66000
vert 20     0.00000  10.00000  103.11000
vert 21     0.00000  0.60625  101.56000
vert 22     0.00000  0.60625  102.75999
vert 23     0.00000  0.30000  102.75999
vert 24     0.00000  0.30000  101.56000
vert 25     19.70000  10.00000  100.66000
vert 26     19.70000  10.00000  102.75999
vert 27     18.80000  10.00000  102.75999
vert 28     18.80000  10.00000  100.66000
vert 29     5.81250  10.00000  101.56000
vert 30     5.81250  10.00000  102.75999
vert 31     0.30000  10.00000  102.75999
vert 32     0.30000  10.00000  101.56000
  5, fl01C0202     4   2,   1,   9,  19,
floors 32
vert 1      20.00000  0.00000  100.66000
vert 2      20.00000  10.00000  100.66000
vert 3      20.00000  10.00000  103.11000
vert 4      20.00000  0.00000  103.11000
vert 5      20.00000  9.39375  101.56000
vert 6      20.00000  9.39375  102.75999
vert 7      20.00000  9.70000  102.75999
vert 8      20.00000  9.70000  101.56000
vert 9      0.00000  0.00000  100.66000
vert 10     0.30000  0.00000  100.66000
vert 11     0.30000  0.00000  102.75999
vert 12     1.20000  0.00000  102.75999
vert 13     1.20000  0.00000  100.66000
vert 14     0.00000  0.00000  103.11000
vert 15     14.18750  0.00000  101.56000
vert 16     14.18750  0.00000  102.75999
vert 17     19.70000  0.00000  102.75999
vert 18     19.70000  0.00000  101.56000
vert 19     0.00000  10.00000  100.66000
vert 20     0.00000  10.00000  103.11000
vert 21     0.00000  0.60625  101.56000
vert 22     0.00000  0.60625  102.75999
vert 23     0.00000  0.30000  102.75999
vert 24     0.00000  0.30000  101.56000
vert 25     19.70000  10.00000  100.66000
vert 26     19.70000  10.00000  102.75999
vert 27     18.80000  10.00000  102.75999
vert 28     18.80000  10.00000  100.66000
vert 29     5.81250  10.00000  101.56000
vert 30     5.81250  10.00000  102.75999
vert 31     0.30000  10.00000  102.75999
vert 32     0.30000  10.00000  101.56000
  6, ce01C0202     4   3,  20,  14,   4,
floors_r 32
vert 1      20.00000  0.00000  100.66000
vert 2      20.00000  10.00000  100.66000
vert 3      20.00000  10.00000  103.11000
vert 4      20.00000  0.00000  103.11000
vert 5      20.00000  9.39375  101.56000
vert 6      20.00000  9.39375  102.75999
vert 7      20.00000  9.70000  102.75999
vert 8      20.00000  9.70000  101.56000
vert 9      0.00000  0.00000  100.66000
vert 10     0.30000  0.00000  100.66000
vert 11     0.30000  0.00000  102.75999
vert 12     1.20000  0.00000  102.75999
vert 13     1.20000  0.00000  100.66000
vert 14     0.00000  0.00000  103.11000
vert 15     14.18750  0.00000  101.56000
vert 16     14.18750  0.00000  102.75999
vert 17     19.70000  0.00000  102.75999
vert 18     19.70000  0.00000  101.56000
vert 19     0.00000  10.00000  100.66000
vert 20     0.00000  10.00000  103.11000
vert 21     0.00000  0.60625  101.56000
vert 22     0.00000  0.60625  102.75999
vert 23     0.00000  0.30000  102.75999
vert 24     0.00000  0.30000  101.56000
vert 25     19.70000  10.00000  100.66000
vert 26     19.70000  10.00000  102.75999
vert 27     18.80000  10.00000  102.75999
vert 28     18.80000  10.00000  100.66000
vert 29     5.81250  10.00000  101.56000
vert 30     5.81250  10.00000  102.75999
vert 31     0.30000  10.00000  102.75999
vert 32     0.30000  10.00000  101.56000
  7, wi01C0202     4   5,   8,   7,   6,
window 32
vert 1      20.00000  0.00000  100.66000
vert 2      20.00000  10.00000  100.66000
vert 3      20.00000  10.00000  103.11000
vert 4      20.00000  0.00000  103.11000
vert 5      20.00000  9.39375  101.56000
vert 6      20.00000  9.39375  102.75999
vert 7      20.00000  9.70000  102.75999
vert 8      20.00000  9.70000  101.56000
vert 9      0.00000  0.00000  100.66000
vert 10     0.30000  0.00000  100.66000
vert 11     0.30000  0.00000  102.75999
vert 12     1.20000  0.00000  102.75999
vert 13     1.20000  0.00000  100.66000
vert 14     0.00000  0.00000  103.11000
vert 15     14.18750  0.00000  101.56000
vert 16     14.18750  0.00000  102.75999
vert 17     19.70000  0.00000  102.75999
vert 18     19.70000  0.00000  101.56000
vert 19     0.00000  10.00000  100.66000
vert 20     0.00000  10.00000  103.11000
vert 21     0.00000  0.60625  101.56000
vert 22     0.00000  0.60625  102.75999
vert 23     0.00000  0.30000  102.75999
vert 24     0.00000  0.30000  101.56000
vert 25     19.70000  10.00000  100.66000
vert 26     19.70000  10.00000  102.75999
vert 27     18.80000  10.00000  102.75999
vert 28     18.80000  10.00000  100.66000
vert 29     5.81250  10.00000  101.56000
vert 30     5.81250  10.00000  102.75999
vert 31     0.30000  10.00000  102.75999
vert 32     0.30000  10.00000  101.56000
  8, do01C0202     4  10,  13,  12,  11,
ext_door 32
vert 1      20.00000  0.00000  100.66000
vert 2      20.00000  10.00000  100.66000
vert 3      20.00000  10.00000  103.11000
vert 4      20.00000  0.00000  103.11000
vert 5      20.00000  9.39375  101.56000
vert 6      20.00000  9.39375  102.75999
vert 7      20.00000  9.70000  102.75999
vert 8      20.00000  9.70000  101.56000
vert 9      0.00000  0.00000  100.66000
vert 10     0.30000  0.00000  100.66000
vert 11     0.30000  0.00000  102.75999
vert 12     1.20000  0.00000  102.75999
vert 13     1.20000  0.00000  100.66000
vert 14     0.00000  0.00000  103.11000
vert 15     14.18750  0.00000  101.56000
vert 16     14.18750  0.00000  102.75999
vert 17     19.70000  0.00000  102.75999
vert 18     19.70000  0.00000  101.56000
vert 19     0.00000  10.00000  100.66000
vert 20     0.00000  10.00000  103.11000
vert 21     0.00000  0.60625  101.56000
vert 22     0.00000  0.60625  102.75999
vert 23     0.00000  0.30000  102.75999
vert 24     0.00000  0.30000  101.56000
vert 25     19.70000  10.00000  100.66000
vert 26     19.70000  10.00000  102.75999
vert 27     18.80000  10.00000  102.75999
vert 28     18.80000  10.00000  100.66000
vert 29     5.81250  10.00000  101.56000
vert 30     5.81250  10.00000  102.75999
vert 31     0.30000  10.00000  102.75999
vert 32     0.30000  10.00000  101.56000
  9, wi02C0202     4  15,  18,  17,  16,
window 32
vert 1      20.00000  0.00000  100.66000
vert 2      20.00000  10.00000  100.66000
vert 3      20.00000  10.00000  103.11000
vert 4      20.00000  0.00000  103.11000
vert 5      20.00000  9.39375  101.56000
vert 6      20.00000  9.39375  102.75999
vert 7      20.00000  9.70000  102.75999
vert 8      20.00000  9.70000  101.56000
vert 9      0.00000  0.00000  100.66000
vert 10     0.30000  0.00000  100.66000
vert 11     0.30000  0.00000  102.75999
vert 12     1.20000  0.00000  102.75999
vert 13     1.20000  0.00000  100.66000
vert 14     0.00000  0.00000  103.11000
vert 15     14.18750  0.00000  101.56000
vert 16     14.18750  0.00000  102.75999
vert 17     19.70000  0.00000  102.75999
vert 18     19.70000  0.00000  101.56000
vert 19     0.00000  10.00000  100.66000
vert 20     0.00000  10.00000  103.11000
vert 21     0.00000  0.60625  101.56000
vert 22     0.00000  0.60625  102.75999
vert 23     0.00000  0.30000  102.75999
vert 24     0.00000  0.30000  101.56000
vert 25     19.70000  10.00000  100.66000
vert 26     19.70000  10.00000  102.75999
vert 27     18.80000  10.00000  102.75999
vert 28     18.80000  10.00000  100.66000
vert 29     5.81250  10.00000  101.56000
vert 30     5.81250  10.00000  102.75999
vert 31     0.30000  10.00000  102.75999
vert 32     0.30000  10.00000  101.56000
 10, wi03C0202     4  21,  24,  23,  22,
window 32
vert 1      20.00000  0.00000  100.66000
vert 2      20.00000  10.00000  100.66000
vert 3      20.00000  10.00000  103.11000
vert 4      20.00000  0.00000  103.11000
vert 5      20.00000  9.39375  101.56000
vert 6      20.00000  9.39375  102.75999
vert 7      20.00000  9.70000  102.75999
vert 8      20.00000  9.70000  101.56000
vert 9      0.00000  0.00000  100.66000
vert 10     0.30000  0.00000  100.66000
vert 11     0.30000  0.00000  102.75999
vert 12     1.20000  0.00000  102.75999
vert 13     1.20000  0.00000  100.66000
vert 14     0.00000  0.00000  103.11000
vert 15     14.18750  0.00000  101.56000
vert 16     14.18750  0.00000  102.75999
vert 17     19.70000  0.00000  102.75999
vert 18     19.70000  0.00000  101.56000
vert 19     0.00000  10.00000  100.66000
vert 20     0.00000  10.00000  103.11000
vert 21     0.00000  0.60625  101.56000
vert 22     0.00000  0.60625  102.75999
vert 23     0.00000  0.30000  102.75999
vert 24     0.00000  0.30000  101.56000
vert 25     19.70000  10.00000  100.66000
vert 26     19.70000  10.00000  102.75999
vert 27     18.80000  10.00000  102.75999
vert 28     18.80000  10.00000  100.66000
vert 29     5.81250  10.00000  101.56000
vert 30     5.81250  10.00000  102.75999
vert 31     0.30000  10.00000  102.75999
vert 32     0.30000  10.00000  101.56000
 11, do02C0202     4  25,  28,  27,  26,
ext_door 32
vert 1      20.00000  0.00000  100.66000
vert 2      20.00000  10.00000  100.66000
vert 3      20.00000  10.00000  103.11000
vert 4      20.00000  0.00000  103.11000
vert 5      20.00000  9.39375  101.56000
vert 6      20.00000  9.39375  102.75999
vert 7      20.00000  9.70000  102.75999
vert 8      20.00000  9.70000  101.56000
vert 9      0.00000  0.00000  100.66000
vert 10     0.30000  0.00000  100.66000
vert 11     0.30000  0.00000  102.75999
vert 12     1.20000  0.00000  102.75999
vert 13     1.20000  0.00000  100.66000
vert 14     0.00000  0.00000  103.11000
vert 15     14.18750  0.00000  101.56000
vert 16     14.18750  0.00000  102.75999
vert 17     19.70000  0.00000  102.75999
vert 18     19.70000  0.00000  101.56000
vert 19     0.00000  10.00000  100.66000
vert 20     0.00000  10.00000  103.11000
vert 21     0.00000  0.60625  101.56000
vert 22     0.00000  0.60625  102.75999
vert 23     0.00000  0.30000  102.75999
vert 24     0.00000  0.30000  101.56000
vert 25     19.70000  10.00000  100.66000
vert 26     19.70000  10.00000  102.75999
vert 27     18.80000  10.00000  102.75999
vert 28     18.80000  10.00000  100.66000
vert 29     5.81250  10.00000  101.56000
vert 30     5.81250  10.00000  102.75999
vert 31     0.30000  10.00000  102.75999
vert 32     0.30000  10.00000  101.56000
 12, wi04C0202     4  29,  32,  31,  30,
window 32
vert 1      20.00000  0.00000  100.66000
vert 2      20.00000  10.00000  100.66000
vert 3      20.00000  10.00000  103.11000
vert 4      20.00000  0.00000  103.11000
vert 5      20.00000  9.39375  101.56000
vert 6      20.00000  9.39375  102.75999
vert 7      20.00000  9.70000  102.75999
vert 8      20.00000  9.70000  101.56000
vert 9      0.00000  0.00000  100.66000
vert 10     0.30000  0.00000  100.66000
vert 11     0.30000  0.00000  102.75999
vert 12     1.20000  0.00000  102.75999
vert 13     1.20000  0.00000  100.66000
vert 14     0.00000  0.00000  103.11000
vert 15     14.18750  0.00000  101.56000
vert 16     14.18750  0.00000  102.75999
vert 17     19.70000  0.00000  102.75999
vert 18     19.70000  0.00000  101.56000
vert 19     0.00000  10.00000  100.66000
vert 20     0.00000  10.00000  103.11000
vert 21     0.00000  0.60625  101.56000
vert 22     0.00000  0.60625  102.75999
vert 23     0.00000  0.30000  102.75999
vert 24     0.00000  0.30000  101.56000
vert 25     19.70000  10.00000  100.66000
vert 26     19.70000  10.00000  102.75999
vert 27     18.80000  10.00000  102.75999
vert 28     18.80000  10.00000  100.66000
vert 29     5.81250  10.00000  101.56000
vert 30     5.81250  10.00000  102.75999
vert 31     0.30000  10.00000  102.75999
vert 32     0.30000  10.00000  101.56000
