  1, wa01C0101     11   1,   2,   3,   4,   1,   5,   6,   7,   8,   5,   1,
foundation 8
vert 1      20.00000  0.00000  98.38000
vert 2      20.00000  10.00000  98.38000
vert 3      20.00000  10.00000  100.66000
vert 4      20.00000  0.00000  100.66000
vert 5      20.00000  9.41500  99.28000
vert 6      20.00000  9.41500  100.48000
vert 7      20.00000  9.70000  100.48000
vert 8      20.00000  9.70000  99.28000
  2, wa02C0101     11   9,   1,   4,  10,   9,  11,  12,  13,  14,  11,   9,
foundation 14
vert 1      20.00000  0.00000  98.38000
vert 2      20.00000  10.00000  98.38000
vert 3      20.00000  10.00000  100.66000
vert 4      20.00000  0.00000  100.66000
vert 5      20.00000  9.41500  99.28000
vert 6      20.00000  9.41500  100.48000
vert 7      20.00000  9.70000  100.48000
vert 8      20.00000  9.70000  99.28000
vert 9      0.00000  0.00000  98.38000
vert 10     0.00000  0.00000  100.66000
vert 11     14.57000  0.00000  99.28000
vert 12     14.57000  0.00000  100.48000
vert 13     19.70000  0.00000  100.48000
vert 14     19.70000  0.00000  99.28000
  3, wa03C0101     11  15,   9,  10,  16,  15,  17,  18,  19,  20,  17,  15,
foundation 20
vert 1      20.00000  0.00000  98.38000
vert 2      20.00000  10.00000  98.38000
vert 3      20.00000  10.00000  100.66000
vert 4      20.00000  0.00000  100.66000
vert 5      20.00000  9.41500  99.28000
vert 6      20.00000  9.41500  100.48000
vert 7      20.00000  9.70000  100.48000
vert 8      20.00000  9.70000  99.28000
vert 9      0.00000  0.00000  98.38000
vert 10     0.00000  0.00000  100.66000
vert 11     14.57000  0.00000  99.28000
vert 12     14.57000  0.00000  100.48000
vert 13     19.70000  0.00000  100.48000
vert 14     19.70000  0.00000  99.28000
vert 15     0.00000  10.00000  98.38000
vert 16     0.00000  10.00000  100.66000
vert 17     0.00000  0.58500  99.28000
vert 18     0.00000  0.58500  100.48000
vert 19     0.00000  0.30000  100.48000
vert 20     0.00000  0.30000  99.28000
  4, wa04C0101     11   2,  15,  16,   3,   2,  21,  22,  23,  24,  21,   2,
foundation 24
vert 1      20.00000  0.00000  98.38000
vert 2      20.00000  10.00000  98.38000
vert 3      20.00000  10.00000  100.66000
vert 4      20.00000  0.00000  100.66000
vert 5      20.00000  9.41500  99.28000
vert 6      20.00000  9.41500  100.48000
vert 7      20.00000  9.70000  100.48000
vert 8      20.00000  9.70000  99.28000
vert 9      0.00000  0.00000  98.38000
vert 10     0.00000  0.00000  100.66000
vert 11     14.57000  0.00000  99.28000
vert 12     14.57000  0.00000  100.48000
vert 13     19.70000  0.00000  100.48000
vert 14     19.70000  0.00000  99.28000
vert 15     0.00000  10.00000  98.38000
vert 16     0.00000  10.00000  100.66000
vert 17     0.00000  0.58500  99.28000
vert 18     0.00000  0.58500  100.48000
vert 19     0.00000  0.30000  100.48000
vert 20     0.00000  0.30000  99.28000
vert 21     5.43000  10.00000  99.28000
vert 22     5.43000  10.00000  100.48000
vert 23     0.30000  10.00000  100.48000
vert 24     0.30000  10.00000  99.28000
  5, fl01C0101     4   2,   1,   9,  15,
fnd_floor 24
vert 1      20.00000  0.00000  98.38000
vert 2      20.00000  10.00000  98.38000
vert 3      20.00000  10.00000  100.66000
vert 4      20.00000  0.00000  100.66000
vert 5      20.00000  9.41500  99.28000
vert 6      20.00000  9.41500  100.48000
vert 7      20.00000  9.70000  100.48000
vert 8      20.00000  9.70000  99.28000
vert 9      0.00000  0.00000  98.38000
vert 10     0.00000  0.00000  100.66000
vert 11     14.57000  0.00000  99.28000
vert 12     14.57000  0.00000  100.48000
vert 13     19.70000  0.00000  100.48000
vert 14     19.70000  0.00000  99.28000
vert 15     0.00000  10.00000  98.38000
vert 16     0.00000  10.00000  100.66000
vert 17     0.00000  0.58500  99.28000
vert 18     0.00000  0.58500  100.48000
vert 19     0.00000  0.30000  100.48000
vert 20     0.00000  0.30000  99.28000
vert 21     5.43000  10.00000  99.28000
vert 22     5.43000  10.00000  100.48000
vert 23     0.30000  10.00000  100.48000
vert 24     0.30000  10.00000  99.28000
  6, ce01C0101     4   3,  16,  10,   4,
floors_r 24
vert 1      20.00000  0.00000  98.38000
vert 2      20.00000  10.00000  98.38000
vert 3      20.00000  10.00000  100.66000
vert 4      20.00000  0.00000  100.66000
vert 5      20.00000  9.41500  99.28000
vert 6      20.00000  9.41500  100.48000
vert 7      20.00000  9.70000  100.48000
vert 8      20.00000  9.70000  99.28000
vert 9      0.00000  0.00000  98.38000
vert 10     0.00000  0.00000  100.66000
vert 11     14.57000  0.00000  99.28000
vert 12     14.57000  0.00000  100.48000
vert 13     19.70000  0.00000  100.48000
vert 14     19.70000  0.00000  99.28000
vert 15     0.00000  10.00000  98.38000
vert 16     0.00000  10.00000  100.66000
vert 17     0.00000  0.58500  99.28000
vert 18     0.00000  0.58500  100.48000
vert 19     0.00000  0.30000  100.48000
vert 20     0.00000  0.30000  99.28000
vert 21     5.43000  10.00000  99.28000
vert 22     5.43000  10.00000  100.48000
vert 23     0.30000  10.00000  100.48000
vert 24     0.30000  10.00000  99.28000
  7, wi01C0101     4   5,   8,   7,   6,
window 24
vert 1      20.00000  0.00000  98.38000
vert 2      20.00000  10.00000  98.38000
vert 3      20.00000  10.00000  100.66000
vert 4      20.00000  0.00000  100.66000
vert 5      20.00000  9.41500  99.28000
vert 6      20.00000  9.41500  100.48000
vert 7      20.00000  9.70000  100.48000
vert 8      20.00000  9.70000  99.28000
vert 9      0.00000  0.00000  98.38000
vert 10     0.00000  0.00000  100.66000
vert 11     14.57000  0.00000  99.28000
vert 12     14.57000  0.00000  100.48000
vert 13     19.70000  0.00000  100.48000
vert 14     19.70000  0.00000  99.28000
vert 15     0.00000  10.00000  98.38000
vert 16     0.00000  10.00000  100.66000
vert 17     0.00000  0.58500  99.28000
vert 18     0.00000  0.58500  100.48000
vert 19     0.00000  0.30000  100.48000
vert 20     0.00000  0.30000  99.28000
vert 21     5.43000  10.00000  99.28000
vert 22     5.43000  10.00000  100.48000
vert 23     0.30000  10.00000  100.48000
vert 24     0.30000  10.00000  99.28000
  8, wi02C0101     4  11,  14,  13,  12,
window 24
vert 1      20.00000  0.00000  98.38000
vert 2      20.00000  10.00000  98.38000
vert 3      20.00000  10.00000  100.66000
vert 4      20.00000  0.00000  100.66000
vert 5      20.00000  9.41500  99.28000
vert 6      20.00000  9.41500  100.48000
vert 7      20.00000  9.70000  100.48000
vert 8      20.00000  9.70000  99.28000
vert 9      0.00000  0.00000  98.38000
vert 10     0.00000  0.00000  100.66000
vert 11     14.57000  0.00000  99.28000
vert 12     14.57000  0.00000  100.48000
vert 13     19.70000  0.00000  100.48000
vert 14     19.70000  0.00000  99.28000
vert 15     0.00000  10.00000  98.38000
vert 16     0.00000  10.00000  100.66000
vert 17     0.00000  0.58500  99.28000
vert 18     0.00000  0.58500  100.48000
vert 19     0.00000  0.30000  100.48000
vert 20     0.00000  0.30000  99.28000
vert 21     5.43000  10.00000  99.28000
vert 22     5.43000  10.00000  100.48000
vert 23     0.30000  10.00000  100.48000
vert 24     0.30000  10.00000  99.28000
  9, wi03C0101     4  17,  20,  19,  18,
window 24
vert 1      20.00000  0.00000  98.38000
vert 2      20.00000  10.00000  98.38000
vert 3      20.00000  10.00000  100.66000
vert 4      20.00000  0.00000  100.66000
vert 5      20.00000  9.41500  99.28000
vert 6      20.00000  9.41500  100.48000
vert 7      20.00000  9.70000  100.48000
vert 8      20.00000  9.70000  99.28000
vert 9      0.00000  0.00000  98.38000
vert 10     0.00000  0.00000  100.66000
vert 11     14.57000  0.00000  99.28000
vert 12     14.57000  0.00000  100.48000
vert 13     19.70000  0.00000  100.48000
vert 14     19.70000  0.00000  99.28000
vert 15     0.00000  10.00000  98.38000
vert 16     0.00000  10.00000  100.66000
vert 17     0.00000  0.58500  99.28000
vert 18     0.00000  0.58500  100.48000
vert 19     0.00000  0.30000  100.48000
vert 20     0.00000  0.30000  99.28000
vert 21     5.43000  10.00000  99.28000
vert 22     5.43000  10.00000  100.48000
vert 23     0.30000  10.00000  100.48000
vert 24     0.30000  10.00000  99.28000
 10, wi04C0101     4  21,  24,  23,  22,
window 24
vert 1      20.00000  0.00000  98.38000
vert 2      20.00000  10.00000  98.38000
vert 3      20.00000  10.00000  100.66000
vert 4      20.00000  0.00000  100.66000
vert 5      20.00000  9.41500  99.28000
vert 6      20.00000  9.41500  100.48000
vert 7      20.00000  9.70000  100.48000
vert 8      20.00000  9.70000  99.28000
vert 9      0.00000  0.00000  98.38000
vert 10     0.00000  0.00000  100.66000
vert 11     14.57000  0.00000  99.28000
vert 12     14.57000  0.00000  100.48000
vert 13     19.70000  0.00000  100.48000
vert 14     19.70000  0.00000  99.28000
vert 15     0.00000  10.00000  98.38000
vert 16     0.00000  10.00000  100.66000
vert 17     0.00000  0.58500  99.28000
vert 18     0.00000  0.58500  100.48000
vert 19     0.00000  0.30000  100.48000
vert 20     0.00000  0.30000  99.28000
vert 21     5.43000  10.00000  99.28000
vert 22     5.43000  10.00000  100.48000
vert 23     0.30000  10.00000  100.48000
vert 24     0.30000  10.00000  99.28000
