(L2Z2CoreMain) number of surfaces: 21
1) wa01C0202
( 1 2 3 4 5 6 7 8 1 9 10 11 12 )
2) wa02C0202
( 13 14 15 16 13 17 18 19 20 )
3) wa03C0202
( 21 22 23 24 25 13 16 26 21 27 28 29 30 )
4) wa04C0202
( 31 21 26 32 )
5) wa05C0202
( 33 31 32 34 33 35 36 37 38 )
6) wa06C0202
( 6 39 33 34 40 7 6 41 42 43 44 )
7) wa07C0202
( 14 1 8 15 )
8) fl01C0202
( 6 1 14 13 21 31 33 39 )
9) ce01C0202
( 15 8 7 40 34 32 26 16 )
10) do01C0202
( 2 5 4 3 )
11) wi01C0202
( 9 12 11 10 )
12) wi02C0202
( 17 20 19 18 )
13) wi09C0202
( 27 30 29 28 )
14) do02C0202
( 22 25 24 23 )
15) wi08C0202
( 45 46 47 48 )
16) wi07C0202
( 49 50 51 52 )
17) wi03C0202
( 53 54 55 56 )
18) wi05C0202
( 35 38 37 36 )
19) wi06C0202
( 57 58 59 60 )
20) wi04C0202
( 61 62 63 64 )
21) wi10C0202
( 41 44 43 42 )
